10022033
10025425
10025444
10025576
12677556
14707528
15231740
17574030
20578946
21246219
21263000
21549079
21706501
22011734
23211900
23239255
23716571
23954459
24032991
24316073
24523674
24533984
24611735
24619745
24695551
24705136
24715477
24769255
24939608
25008444
25080519
25458167
25672202
25682074
25711197
25752562
26077881
26098911
26103456
26201402
26273192
26309352
26568208
26586152
26642845
26820943
26846096
26895074
26925684
26952712
26968398
27015557
27241659
27442694
27466187
27488999
27496117
27571505
27580659
27888421
27903974
28101798
28105432
28118799
28174811
28198380
28211982
28267727
28296849
28377481
28400947
28403077
28618888
28618929
28623644
28653902
28696559
28699072
28720066
28834269
28911804
28958991
29039417
29060458
29261648
29271604
29279609
29348408
29379197
29860495
29982567
30391405
30397860
30405852
30418046
30419062
30419345
30419347
30419349
30419558
8001324
8270381
8667262
8712208
