8001324	2
8270381	0
8667262	0
8712208	0
10022033	2
10025425	3
10025444	1
10025576	1
12677556	0
15231740	0
17574030	0
20578946	2
21246219	0
21263000	2
21263000	2
21549079	2
21706501	2
22011734	2
23211900	2
23239255	2
23716571	1
23954459	3
24032991	3
24316073	0
24611735	0
24619745	1
24695551	0
24939608	2
25008444	3
25458167	0
25672202	0
25682074	1
25752562	1
26103456	0
26201402	1
26273192	1
26568208	1
26586152	0
26820943	1
26846096	0
26925684	1
26952712	2
26968398	1
27015557	1
27241659	3
27442694	0
27488999	0
27571505	2
27580659	1
27888421	1
28101798	1
28174811	0
28198380	1
28211982	2
28267727	2
28296849	3
28377481	1
28618888	2
28618929	1
28653902	1
28911804	2
28958991	1
29039417	0
29271604	2
30391405	1
30397860	1
30405852	1
30419345	1
30419349	1
