8001324
8270381
8667262
8712208
10022033
10025425
10025444
10025576
12677556
15231740
17574030
20578946
21246219
21263000
21263000
21549079
21706501
22011734
23211900
23239255
23716571
23954459
24032991
24316073
24611735
24619745
24695551
24939608
25008444
25458167
25672202
25682074
25752562
26103456
26201402
26273192
26568208
26586152
26820943
26846096
26925684
26952712
26968398
27015557
27241659
27442694
27488999
27571505
27580659
27888421
28101798
28174811
28198380
28211982
28267727
28296849
28377481
28618888
28618929
28653902
28911804
28958991
29039417
29271604
30391405
30397860
30405852
30419345
30419349
